0,0,0,0,0,0,0,0,0,0,0,0,1,1,1
0,0,0,0,0,0,0,0,0,0,0,0,0,1,1
0,0,0,0,0,0,0,0,0,0,0,0,0,1,1
0,0,0,0,0,0,0,0,0,0,0,0,0,1,1
0,0,0,0,0,0,0,0,0,704,0,0,0,1,1
0,0,0,0,0,0,0,0,0,0,0,0,0,1,1
0,0,0,0,0,0,0,0,0,0,0,0,0,1,1
0,0,0,0,0,0,0,0,0,0,0,0,0,1,1
0,0,0,32,54,0,0,0,0,0,0,100,0,1,1
0,0,0,33,55,0,0,0,0,0,0,0,0,1,1
0,0,0,34,56,0,0,0,0,0,0,0,0,1,1
0,0,0,0,0,0,0,0,0,0,0,0,100,1,1
0,0,0,0,0,0,0,0,0,0,0,0,0,1,1
0,0,0,0,0,0,0,0,0,0,0,0,1,1,1
0,0,0,0,0,0,0,0,0,0,0,0,101,1,1
0,0,0,0,0,0,0,0,0,0,0,0,0,1,1
0,0,0,0,0,0,0,0,0,701,0,0,0,1,1
0,0,0,0,0,0,0,0,0,0,0,0,0,1,1
0,0,0,0,0,0,0,0,0,0,0,0,0,1,1
0,0,0,0,0,0,0,0,0,0,0,0,0,1,1
0,0,0,0,0,0,0,0,0,6,0,0,0,1,1
0,0,0,0,0,0,0,0,0,702,0,0,0,1,1
0,0,0,0,0,702,0,0,0,6,0,0,0,1,1
0,0,0,0,0,0,0,0,0,702,0,0,0,1,1
0,0,0,0,0,0,0,0,0,6,0,0,0,1,1
0,0,0,0,0,0,0,0,0,0,0,0,0,1,1
0,0,0,0,0,0,0,0,0,0,0,0,0,1,1
0,0,0,0,0,0,0,0,0,0,0,0,0,1,1
0,0,0,0,0,0,0,0,0,0,0,92,0,1,1
0,0,0,0,0,0,0,0,0,0,0,0,0,1,1
0,0,0,0,0,0,0,0,0,0,0,0,0,1,1
0,0,0,0,0,0,0,0,0,0,0,0,0,1,1
0,0,0,0,0,0,0,0,0,0,0,0,0,1,1
0,0,0,0,0,0,0,0,0,0,0,0,0,1,1
0,0,0,0,0,0,0,0,0,0,0,0,0,1,1
0,0,0,0,0,0,0,0,0,0,0,0,0,1,1
0,0,0,0,0,0,0,0,0,0,0,0,0,1,1
0,0,0,0,0,0,0,0,0,0,0,0,0,1,1
0,0,0,0,0,0,0,0,0,0,93,0,0,1,1
0,0,0,0,0,0,0,0,0,0,0,0,0,1,1
0,0,0,0,0,0,0,0,0,0,0,0,0,1,1
0,0,0,0,0,0,0,0,0,0,0,0,0,1,1
0,0,0,0,0,0,0,0,0,0,0,0,0,1,1
0,0,0,0,0,0,0,0,0,0,0,0,0,1,1
0,0,0,0,0,0,0,0,0,0,0,0,0,1,1
0,0,0,0,0,0,0,0,0,0,0,0,0,1,1
0,0,0,0,0,0,0,0,0,94,0,0,0,1,1
0,0,0,0,0,0,0,0,0,0,0,0,0,1,1
0,0,0,0,0,0,0,0,0,0,0,0,0,1,1
0,0,0,0,0,0,0,0,0,0,0,0,0,1,1
0,0,0,0,0,0,0,0,0,0,0,0,0,1,1
0,0,0,0,0,0,0,0,0,0,0,0,0,1,1
0,0,0,0,0,0,0,0,0,0,0,0,0,1,1
0,0,0,0,0,0,0,0,0,0,0,0,0,1,1
0,0,0,0,0,0,0,0,0,0,0,0,0,1,1
0,0,0,0,0,0,0,0,0,0,0,0,0,1,1
0,0,0,0,0,0,0,0,0,0,0,0,0,1,1
0,0,0,0,0,0,0,0,0,15,37,37,37,1,1
0,0,0,0,0,0,0,0,0,16,38,38,38,1,1
0,0,0,0,0,0,0,0,0,0,0,0,0,1,1
0,0,0,0,0,0,0,0,0,0,0,0,0,1,1
0,0,0,0,0,0,0,0,0,0,0,0,0,1,1
0,0,0,0,0,0,0,0,0,0,0,0,0,1,1
0,0,0,0,0,0,0,0,0,0,0,0,0,1,1
0,0,0,0,0,0,0,0,0,0,0,0,0,1,1
0,0,0,0,0,0,0,0,0,0,0,0,0,1,1
0,0,0,0,0,0,0,0,0,0,0,0,0,1,1
0,0,0,0,0,0,0,0,0,0,0,0,0,1,1
0,0,0,0,0,0,0,0,0,0,0,0,0,1,1
0,0,0,0,0,0,0,0,0,0,0,0,0,0,0
0,0,0,0,0,0,0,0,0,0,0,0,0,0,0
0,0,0,0,0,0,0,0,0,0,0,0,0,1,1
0,0,0,0,0,0,0,0,0,0,0,0,0,1,1
0,0,0,0,0,0,0,0,0,0,0,0,0,1,1
0,0,0,0,0,0,0,0,0,0,0,0,0,1,1
0,0,0,0,0,0,0,0,0,0,0,0,0,1,1
0,0,0,0,0,0,0,0,0,0,0,0,0,1,1
0,0,0,0,0,0,0,0,0,6,0,0,0,1,1
0,0,0,0,0,0,0,0,0,702,0,0,0,1,1
0,0,0,0,0,0,0,0,0,6,0,0,0,1,1
0,0,0,0,0,6,0,0,0,0,0,0,0,1,1
0,0,0,0,0,6,0,0,0,0,0,0,0,1,1
0,0,0,0,0,6,0,0,0,0,0,0,0,1,1
0,0,0,0,0,6,0,0,0,0,0,0,0,1,1
0,0,0,0,0,6,0,0,0,0,0,0,0,1,1
0,0,0,0,0,6,0,0,0,0,0,0,0,1,1
0,0,0,0,0,6,0,0,0,0,0,0,0,0,0
0,0,0,0,0,6,0,0,0,0,0,0,0,0,0
0,0,0,0,0,0,0,0,0,0,0,0,0,0,0
0,0,0,0,0,0,0,0,0,0,0,0,0,1,1
0,0,0,0,0,0,0,0,0,0,0,0,0,1,1
0,0,0,0,0,6,0,0,0,0,0,0,0,1,1
0,0,0,0,0,6,0,0,0,0,0,0,0,1,1
0,0,0,0,0,6,0,0,0,0,0,0,0,1,1
0,0,0,0,0,7,0,0,0,6,0,0,0,1,1
0,0,0,0,0,0,0,0,0,0,0,0,0,1,1
0,0,0,0,0,0,0,0,0,0,0,0,0,1,1
0,0,0,0,0,0,0,0,0,0,0,0,0,1,1
0,0,0,0,0,0,0,0,0,0,0,0,0,1,1
0,0,0,0,0,0,0,0,0,0,0,0,0,1,1
0,0,0,0,0,0,0,0,0,6,0,0,0,1,1
0,0,0,0,0,0,0,0,0,6,0,0,0,1,1
0,0,0,0,0,0,0,0,0,0,0,0,0,1,1
0,0,0,0,0,0,0,0,0,0,0,0,0,1,1
0,0,0,0,0,0,0,0,0,0,0,0,0,1,1
0,0,0,0,0,0,0,0,0,0,0,0,0,1,1
0,0,0,0,0,0,0,0,0,7,0,0,0,1,1
0,0,0,0,0,0,0,0,0,0,0,0,0,1,1
0,0,0,0,0,0,0,0,0,0,0,0,0,1,1
0,0,0,0,0,7,0,0,0,7,0,0,0,1,1
0,0,0,0,0,0,0,0,0,0,0,0,0,1,1
0,0,0,0,0,0,0,0,0,0,0,0,0,1,1
0,0,0,0,0,0,0,0,0,7,0,0,0,1,1
0,0,0,0,0,0,0,0,0,0,0,0,0,1,1
0,0,0,0,0,0,0,0,0,0,0,0,0,1,1
0,0,0,0,0,0,0,0,0,0,0,0,0,1,1
0,0,0,0,0,0,0,0,0,0,0,0,0,1,1
0,0,0,0,0,0,0,0,0,0,0,0,0,1,1
0,0,0,0,0,0,0,0,0,6,0,0,0,1,1
0,0,0,0,0,0,0,0,0,0,0,0,0,1,1
0,0,0,0,0,0,0,0,0,0,0,0,0,1,1
0,0,0,0,0,6,0,0,0,0,0,0,0,1,1
0,0,0,0,0,6,0,0,0,0,0,0,0,1,1
0,0,0,0,0,6,0,0,0,0,0,0,0,1,1
0,0,0,0,0,0,0,0,0,0,0,0,0,1,1
0,0,0,0,0,0,0,0,0,0,0,0,0,1,1
0,0,0,0,0,0,0,0,0,0,0,0,0,1,1
0,0,0,0,0,0,0,0,0,0,0,0,0,1,1
0,0,0,0,0,6,0,0,0,0,0,0,0,1,1
0,0,0,0,0,7,0,0,0,6,0,0,0,1,1
0,0,0,0,0,7,0,0,0,6,0,0,0,1,1
0,0,0,0,0,6,0,0,0,0,0,0,0,1,1
0,0,0,0,0,0,0,0,0,0,0,0,0,1,1
0,0,0,0,0,0,0,0,0,0,0,0,0,1,1
0,0,0,0,0,0,0,0,0,0,0,0,77,1,1
0,0,0,0,0,0,0,0,0,0,0,77,77,1,1
0,0,0,0,0,0,0,0,0,0,77,77,77,1,1
0,0,0,0,0,0,0,0,0,77,77,77,77,1,1
0,0,0,0,0,0,0,0,0,0,0,0,0,1,1
0,0,0,0,0,0,0,0,0,0,0,0,0,1,1
0,0,0,0,0,0,0,0,0,77,77,77,77,1,1
0,0,0,0,0,0,0,0,0,0,77,77,77,1,1
0,0,0,0,0,0,0,0,0,0,0,77,77,1,1
0,0,0,0,0,0,0,0,0,0,0,0,77,1,1
0,0,0,0,0,0,0,0,0,0,0,0,0,1,1
0,0,0,0,0,0,0,0,0,0,0,0,0,1,1
0,0,0,0,0,0,0,0,0,0,0,0,0,1,1
0,0,0,0,0,0,0,0,0,0,0,0,0,1,1
0,0,0,0,0,0,0,0,0,0,0,0,77,1,1
0,0,0,0,0,0,0,0,0,0,0,77,77,1,1
0,0,0,0,0,0,0,0,0,0,77,77,77,1,1
0,0,0,0,0,0,0,0,0,77,77,77,77,1,1
0,0,0,0,0,0,0,0,0,77,77,77,77,1,1
0,0,0,0,0,0,0,0,0,0,0,0,0,0,0
0,0,0,0,0,0,0,0,0,0,0,0,0,0,0
0,0,0,0,0,0,0,0,0,77,77,77,77,1,1
0,0,0,0,0,0,0,0,0,0,77,77,77,1,1
0,0,0,0,0,0,0,0,0,0,0,77,77,1,1
0,0,0,0,0,0,0,0,0,0,0,0,77,1,1
0,0,0,0,0,0,0,0,0,0,0,0,0,1,1
0,0,0,0,0,0,0,0,0,0,0,0,0,1,1
0,0,0,0,0,0,0,0,0,0,0,0,0,1,1
0,0,0,0,0,0,0,0,0,0,0,0,0,1,1
0,0,0,0,0,0,0,0,0,0,0,15,37,1,1
0,0,0,0,0,0,0,0,0,0,0,16,38,1,1
0,0,0,0,0,0,0,0,0,0,0,0,0,1,1
0,0,0,0,0,0,0,0,0,0,0,0,0,1,1
0,0,0,0,0,0,0,0,0,0,0,0,0,1,1
0,0,0,0,0,0,0,0,0,6,0,0,0,1,1
0,0,0,0,0,0,0,0,0,6,0,0,0,1,1
0,0,0,0,0,0,0,0,0,7,0,0,0,1,1
0,0,0,0,0,0,0,0,0,6,0,0,0,1,1
0,0,0,0,0,0,0,0,0,0,0,0,0,1,1
0,0,0,0,0,0,0,0,0,0,0,0,0,1,1
0,0,0,0,0,0,0,0,0,0,0,0,0,1,1
0,0,0,0,0,0,0,0,0,0,0,0,0,1,1
0,0,0,0,0,0,0,0,0,0,0,0,0,1,1
0,0,0,0,0,0,0,0,0,0,0,0,0,1,1
0,0,0,0,0,0,0,0,0,0,0,0,0,1,1
0,0,0,0,0,0,0,0,0,0,0,15,37,1,1
0,0,0,0,0,0,0,0,0,0,0,16,38,1,1
0,0,0,0,0,0,0,0,0,0,0,0,77,1,1
0,0,0,0,0,0,0,0,0,0,0,77,77,1,1
0,0,0,0,0,0,0,0,0,0,77,77,77,1,1
0,0,0,0,0,0,0,0,0,77,77,77,77,1,1
0,0,0,0,0,0,0,0,77,77,77,77,77,1,1
0,0,0,0,0,0,0,77,77,77,77,77,77,1,1
0,0,0,0,0,0,77,77,77,77,77,77,77,1,1
0,0,0,0,0,77,77,77,77,77,77,77,77,1,1
0,0,0,0,0,77,77,77,77,77,77,77,77,1,1
0,0,0,0,0,0,0,0,0,0,0,0,0,1,1
0,0,0,0,0,0,0,0,0,0,0,0,0,1,1
0,0,0,0,0,0,0,0,0,0,0,0,0,1,1
0,0,0,0,0,0,0,0,0,0,0,0,0,1,1
0,0,0,0,0,0,0,0,0,0,0,0,0,1,1
0,0,0,0,0,0,0,0,0,0,0,0,0,1,1
0,0,0,0,0,0,0,0,0,0,0,0,0,1,1
0,0,0,0,0,0,0,0,0,0,0,0,0,1,1
0,0,0,99,0,0,0,0,0,0,0,0,1,1,1
0,0,0,0,0,0,0,0,0,0,0,0,0,1,1
0,0,0,0,0,0,0,0,0,0,0,0,0,1,1
0,0,0,0,0,0,0,0,0,0,0,0,0,1,1
0,0,0,0,0,0,0,0,0,0,0,0,0,1,1
0,0,0,0,0,0,0,0,0,0,0,0,0,1,1
0,0,0,0,0,0,0,0,0,0,0,0,0,1,1
0,0,0,0,0,0,0,0,0,0,0,0,0,1,1
0,0,0,0,0,0,0,0,0,0,0,0,0,1,1